1677485697.16 0 0.000 0.000 25000 0 3 0 0.000 0 0.000 0.957 40210432.000 132378624.000 -1.000 -1.000 25000 38888 60555 92222
1677485697.26 0 0.000 0.000 25000 0 3 0 0.000 0 0.000 0.957 40550400.000 132378624.000 1677485697.168 -1.000 25000 38888 60555 92222
1677485697.37 0 0.000 0.000 25000 0 3 0 0.000 0 0.000 0.957 40554496.000 132378624.000 1677485697.168 -1.000 25000 38888 60555 92222
1677485697.47 0 0.000 0.000 25000 0 3 0 0.000 0 9.091 0.957 40554496.000 132378624.000 1677485697.168 -1.000 25000 38888 60555 92222
1677485697.58 0 0.000 0.000 25000 0 3 0 0.000 0 0.000 0.957 40554496.000 132378624.000 1677485697.168 -1.000 25000 38888 60555 92222
1677485697.68 0 0.000 0.000 25000 0 3 0 0.000 0 9.091 0.957 40554496.000 132378624.000 1677485697.168 -1.000 25000 38888 60555 92222
1677485697.78 139762 9.877 414414.427 25000 0 3 0 0.000 250228 20.000 1.041 44216320.000 133419008.000 1677485697.773 1677485697.772 25000 38888 60555 92222
1677485697.89 139762 9.877 414414.427 25000 0 3 0 0.000 250228 0.000 1.080 45764608.000 134168576.000 1677485697.773 1677485697.772 25000 38888 60555 92222
1677485697.99 139762 9.877 414414.427 25000 0 3 0 0.000 250228 0.000 1.080 45764608.000 134168576.000 1677485697.773 1677485697.772 25000 38888 60555 92222
1677485698.09 139762 9.877 414414.427 25000 0 3 0 0.000 250228 10.000 1.080 45764608.000 134168576.000 1677485697.773 1677485697.772 25000 38888 60555 92222
1677485698.19 139762 9.877 414414.427 25000 0 3 0 0.000 250228 9.091 1.080 45764608.000 134168576.000 1677485697.773 1677485697.772 25000 38888 60555 92222
1677485698.29 139762 9.877 414414.427 25000 0 3 0 0.000 250228 0.000 1.080 45764608.000 134168576.000 1677485697.773 1677485697.772 25000 38888 60555 92222
1677485698.39 139762 9.877 456803.906 38888 1 3 0 0.000 513052 20.000 1.090 46030848.000 134746112.000 1677485698.354 1677485698.348 25000 38888 60555 92222
1677485698.50 139762 9.877 456803.906 38888 1 3 0 0.000 513052 0.000 1.090 46211072.000 134746112.000 1677485698.354 1677485698.348 25000 38888 60555 92222
1677485698.60 139762 9.877 456803.906 38888 1 3 0 0.000 513052 0.000 1.090 46211072.000 134746112.000 1677485698.354 1677485698.348 25000 38888 60555 92222
1677485698.70 139762 9.877 456803.906 38888 1 3 0 0.000 513052 10.000 1.090 46211072.000 134746112.000 1677485698.354 1677485698.348 25000 38888 60555 92222
1677485698.80 139762 9.877 456803.906 38888 1 3 0 0.000 513052 0.000 1.090 46211072.000 134746112.000 1677485698.354 1677485698.348 25000 38888 60555 92222
1677485698.91 139762 9.877 456803.906 38888 1 3 0 0.000 513052 0.000 1.090 46211072.000 134746112.000 1677485698.354 1677485698.348 25000 38888 60555 92222
1677485699.01 139762 9.877 456803.906 38888 1 3 0 0.000 513052 0.000 1.090 46211072.000 134746112.000 1677485698.354 1677485698.348 25000 38888 60555 92222
1677485699.11 139762 9.877 456803.906 38888 1 3 0 0.000 513052 0.000 1.090 46211072.000 134746112.000 1677485698.354 1677485698.348 25000 38888 60555 92222
1677485699.22 139762 9.877 456803.906 38888 1 3 0 0.000 513052 10.000 1.090 46211072.000 134746112.000 1677485698.354 1677485698.348 25000 38888 60555 92222
1677485699.32 139762 9.877 456803.906 38888 1 3 0 0.000 513052 9.091 1.091 46215168.000 134746112.000 1677485698.354 1677485698.348 25000 38888 60555 92222
1677485699.42 139762 9.877 456803.906 38888 1 3 0 0.000 513052 0.000 1.091 46215168.000 134746112.000 1677485698.354 1677485698.348 25000 38888 60555 92222
1677485699.52 139762 9.877 456803.906 38888 1 3 0 0.000 513052 0.000 1.091 46215168.000 134746112.000 1677485698.354 1677485698.348 25000 38888 60555 92222
1677485699.63 139762 9.877 456803.906 38888 1 3 0 0.000 513052 20.000 1.091 46215168.000 134746112.000 1677485698.354 1677485698.348 25000 38888 60555 92222
1677485699.73 139762 9.877 456803.906 38888 1 3 0 0.000 513052 0.000 1.091 46215168.000 134746112.000 1677485698.354 1677485698.348 25000 38888 60555 92222
1677485699.83 139762 9.877 298206.704 60555 2 3 0 0.000 927404 18.182 1.100 46465024.000 135016448.000 1677485699.753 1677485699.744 25000 38888 60555 92222
1677485699.93 139762 9.877 298206.704 60555 2 3 0 0.000 927404 0.000 1.100 46616576.000 135016448.000 1677485699.753 1677485699.744 25000 38888 60555 92222
1677485700.03 139762 9.877 298206.704 60555 2 3 0 0.000 927404 10.000 1.100 46616576.000 135016448.000 1677485699.753 1677485699.744 25000 38888 60555 92222
1677485700.14 139762 9.877 298206.704 60555 2 3 0 0.000 927404 0.000 1.100 46616576.000 135016448.000 1677485699.753 1677485699.744 25000 38888 60555 92222
1677485700.24 139762 9.877 298206.704 60555 2 3 0 0.000 927404 0.000 1.100 46616576.000 135016448.000 1677485699.753 1677485699.744 25000 38888 60555 92222
1677485700.34 139762 9.877 298206.704 60555 2 3 0 0.000 927404 0.000 1.100 46616576.000 135016448.000 1677485699.753 1677485699.744 25000 38888 60555 92222
1677485700.44 139762 9.877 298206.704 60555 2 3 0 0.000 927404 0.000 1.100 46616576.000 135016448.000 1677485699.753 1677485699.744 25000 38888 60555 92222
1677485700.54 139762 9.877 298206.704 60555 2 3 0 0.000 927404 10.000 1.100 46616576.000 135016448.000 1677485699.753 1677485699.744 25000 38888 60555 92222
1677485700.65 139762 9.877 298206.704 60555 2 3 0 0.000 927404 10.000 1.107 46882816.000 135340032.000 1677485699.753 1677485699.744 25000 38888 60555 92222
1677485700.75 139762 9.877 298206.704 60555 2 3 0 0.000 927404 18.182 1.102 46698496.000 135098368.000 1677485699.753 1677485699.744 25000 38888 60555 92222
1677485700.85 139762 9.877 643472.102 92222 3 3 0 0.000 1576944 10.000 1.105 46845952.000 135245824.000 1677485700.764 1677485700.762 25000 38888 60555 92222
1677485700.96 139762 9.877 643472.102 92222 3 3 0 0.000 1576944 10.000 1.105 46845952.000 135245824.000 1677485700.764 1677485700.762 25000 38888 60555 92222
1677485701.06 139762 9.877 643472.102 92222 3 3 0 0.000 1576944 0.000 1.105 46845952.000 135245824.000 1677485700.764 1677485700.762 25000 38888 60555 92222
1677485701.16 139762 9.877 643472.102 92222 3 3 0 0.000 1576944 0.000 1.105 46845952.000 135245824.000 1677485700.764 1677485700.762 25000 38888 60555 92222
1677485701.26 139762 9.877 643472.102 92222 3 3 0 0.000 1576944 0.000 1.105 46845952.000 135245824.000 1677485700.764 1677485700.762 25000 38888 60555 92222
1677485701.36 139762 9.877 643472.102 92222 3 3 0 0.000 1576944 40.000 1.119 47415296.000 135815168.000 1677485700.764 1677485700.762 25000 38888 60555 92222
1677485701.47 139762 9.877 1514125.816 92222 3 3 0 0.000 2534992 30.000 1.128 47808512.000 136208384.000 1677485701.399 1677485701.397 25000 38888 60555 92222
1677485701.57 139762 9.877 1514125.816 92222 3 3 0 0.000 2534992 0.000 1.128 47808512.000 136208384.000 1677485701.399 1677485701.397 25000 38888 60555 92222
1677485701.67 139762 9.877 1514125.816 92222 3 3 0 0.000 2534992 0.000 1.128 47808512.000 136208384.000 1677485701.399 1677485701.397 25000 38888 60555 92222
1677485701.77 139762 9.877 1514125.816 92222 3 3 0 0.000 2534992 0.000 1.128 47808512.000 136208384.000 1677485701.399 1677485701.397 25000 38888 60555 92222
1677485701.88 139762 9.877 1514125.816 92222 3 3 0 0.000 2534992 10.000 1.128 47808512.000 136208384.000 1677485701.399 1677485701.397 25000 38888 60555 92222
1677485701.98 139762 9.877 1514125.816 92222 3 3 0 0.000 2534992 18.182 1.137 48074752.000 136605696.000 1677485701.399 1677485701.397 25000 38888 60555 92222
1677485702.09 139762 9.877 1495966.636 92222 3 3 0 0.000 3492852 50.000 1.151 48762880.000 137162752.000 1677485702.040 1677485702.039 25000 38888 60555 92222
1677485702.19 139762 9.877 1495966.636 92222 3 3 0 0.000 3492852 10.000 1.151 48762880.000 137162752.000 1677485702.040 1677485702.039 25000 38888 60555 92222
1677485702.29 139762 9.877 1495966.636 92222 3 3 0 0.000 3492852 0.000 1.151 48762880.000 137162752.000 1677485702.040 1677485702.039 25000 38888 60555 92222
1677485702.39 139762 9.877 1495966.636 92222 3 3 0 0.000 3492852 0.000 1.151 48762880.000 137162752.000 1677485702.040 1677485702.039 25000 38888 60555 92222
1677485702.49 139762 9.877 1495966.636 92222 3 3 0 0.000 3492852 0.000 1.151 48762880.000 137162752.000 1677485702.040 1677485702.039 25000 38888 60555 92222
1677485702.60 139762 9.877 1495966.636 92222 3 3 0 0.000 3492852 10.000 1.151 48762880.000 137162752.000 1677485702.040 1677485702.039 25000 38888 60555 92222
1677485702.70 139762 9.877 1516312.060 92222 3 3 0 0.000 4447516 54.545 1.173 49713152.000 138113024.000 1677485702.672 1677485702.670 25000 38888 60555 92222
1677485702.80 139762 9.877 1516312.060 92222 3 3 0 0.000 4447516 0.000 1.173 49713152.000 138113024.000 1677485702.672 1677485702.670 25000 38888 60555 92222
1677485702.90 139762 9.877 1516312.060 92222 3 3 0 0.000 4447516 0.000 1.173 49713152.000 138113024.000 1677485702.672 1677485702.670 25000 38888 60555 92222
1677485703.00 139762 9.877 1516312.060 92222 3 3 0 0.000 4447516 0.000 1.173 49713152.000 138113024.000 1677485702.672 1677485702.670 25000 38888 60555 92222
1677485703.11 139762 9.877 1516312.060 92222 3 3 0 0.000 4447516 0.000 1.173 49713152.000 138113024.000 1677485702.672 1677485702.670 25000 38888 60555 92222
1677485703.21 139762 9.877 1516312.060 92222 3 3 0 0.000 4447516 10.000 1.173 49713152.000 138113024.000 1677485702.672 1677485702.670 25000 38888 60555 92222
1677485703.31 139762 9.877 1499098.098 92222 3 3 0 0.000 5399548 63.636 1.196 50667520.000 139067392.000 1677485703.308 1677485703.307 25000 38888 60555 92222
1677485703.41 139762 9.877 1499098.098 92222 3 3 0 0.000 5399548 0.000 1.196 50667520.000 139067392.000 1677485703.308 1677485703.307 25000 38888 60555 92222
1677485703.51 139762 9.877 1499098.098 92222 3 3 0 0.000 5399548 0.000 1.196 50667520.000 139067392.000 1677485703.308 1677485703.307 25000 38888 60555 92222
1677485703.62 139762 9.877 1499098.098 92222 3 3 0 0.000 5399548 0.000 1.196 50667520.000 139067392.000 1677485703.308 1677485703.307 25000 38888 60555 92222
1677485703.72 139762 9.877 1499098.098 92222 3 3 0 0.000 5399548 0.000 1.196 50667520.000 139067392.000 1677485703.308 1677485703.307 25000 38888 60555 92222
1677485703.82 139762 9.877 1499098.098 92222 3 3 0 0.000 5399548 0.000 1.196 50667520.000 139067392.000 1677485703.308 1677485703.307 25000 38888 60555 92222
1677485703.93 139762 9.877 1499098.098 92222 3 3 0 0.000 5399548 70.000 1.214 51437568.000 139837440.000 1677485703.308 1677485703.307 25000 38888 60555 92222
1677485704.03 139762 9.877 1512207.742 92222 3 3 0 0.000 6354964 18.182 1.218 51630080.000 140029952.000 1677485703.941 1677485703.940 25000 38888 60555 92222
1677485704.13 139762 9.877 1512207.742 92222 3 3 0 0.000 6354964 0.000 1.218 51630080.000 140029952.000 1677485703.941 1677485703.940 25000 38888 60555 92222
1677485704.23 139762 9.877 1512207.742 92222 3 3 0 0.000 6354964 10.000 1.218 51630080.000 140029952.000 1677485703.941 1677485703.940 25000 38888 60555 92222
1677485704.34 139762 9.877 1512207.742 92222 3 3 0 0.000 6354964 0.000 1.218 51630080.000 140029952.000 1677485703.941 1677485703.940 25000 38888 60555 92222
1677485704.44 139762 9.877 1512207.742 92222 3 3 0 0.000 6354964 0.000 1.218 51630080.000 140029952.000 1677485703.941 1677485703.940 25000 38888 60555 92222
1677485704.54 139762 9.877 1512207.742 92222 3 3 0 0.000 6354964 9.091 1.225 51630080.000 140357632.000 1677485703.941 1677485703.940 25000 38888 60555 92222
1677485704.64 139762 9.877 1512207.742 92222 3 3 0 0.000 6354964 20.000 1.230 51896320.000 140677120.000 1677485703.941 1677485703.940 25000 38888 60555 92222
1677485704.74 139762 9.877 1512207.742 92222 3 3 0 0.000 6354964 0.000 1.240 52412416.000 141094912.000 1677485703.941 1677485703.940 25000 38888 60555 92222
1677485704.84 139762 9.877 1512207.742 92222 3 3 0 0.000 6354964 0.000 1.240 52563968.000 141094912.000 1677485703.941 1677485703.940 25000 38888 60555 92222

